53
54
115
116
152
182
198
199
203
221
249
301
306
315
318
319
321
364
365
366
398
399
412
481
493
494
495
496
554
555
556
627
628
643
644
736
745
747
759
760
761
773
782
789
792
796
811
812
825
828
829
869
935
1007
1008
1027
1059
1067
1068
1084
1085
1100
1101
1172
1184
1185
1200
1205
1206
1213
1222
1229
1240
1250
1273
1274
1279
1299
1318
1319
1408
1420
1421
1467
1486
1499
1524
1525
1535
1536
1537
1540
1541
1542
1544
1545
1612
1615
1616
1648
1649
1771
1772
1821
1824
1825
1848
1860
1864
1899
1926
1938
1939
1947
1975
1976
1977
1979
1980
1981
1982
1983
1984
1985
1986
2050
2052
2064
2090
2092
2264
2265
2304
2338
2339
2365
2378
2384
2414
2415
2416
2417
2418
2419
2420
2421
2422
2423
2426
2514
2549
2613
2647
2650
2681
2692
2693
2711
2712
2780
2781
2797
2818
2819
2821
2824
2854
2855
2856
2857
2858
2859
2860
2861
2862
2863
2864
2904
2905
2918
2919
2953
2955
2956
3015
3052
3067
3068
3079
3086
3087
3088
3090
3091
3132
3133
3135
3151
3152
3220
3221
3235
3236
3237
3260
3293
3294
3295
3296
3297
3298
3299
3300
3301
3302
3303
3304
3358
3359
3360
3361
3366
3370
3376
3381
3385
3392
3393
3395
3396
3397
3402
3455
3530
3531
3546
3574
3575
3658
3675
3676
3684
3685
3693
3694
3700
3734
3740
3741
3742
3743
3751
3754
3755
3757
3758
3760
3761
3762
3766
3768
3769
3770
3779
3785
3788
3793
3799
3802
3804
3806
3829
3830
3834
3837
3838
3839
3842
3848
3850
3852
3970
3975
3986
4098
4115
4116
4117
4133
4134
4147
4174
4175
4176
4178
4180
4181
4182
4183
4186
4190
4191
4196
4197
4198
4200
4202
4209
4214
4215
4219
4225
4227
4228
4249
4250
4267
4268
4279
4282
4283
4289
4292
4412
4418
4419
4421
4428
4437
4445
4453
4454
4528
4538
4544
4560
4561
4563
4572
4613
4614
4615
4616
4617
4618
4620
4621
4622
4626
4637
4638
4642
4657
4679
4680
4689
4714
4719
4732
4847
4952
4953
4968
5028
5036
5044
5045
5056
5057
5058
5059
5060
5062
5075
5076
5077
5078
5094
5095
5098
5120
5121
5129
5156
5157
5158
5208
5215
5253
5261
5287
5288
5375
5376
5429
5430
5453
5459
5460
5487
5488
5489
5491
5494
5496
5497
5498
5502
5503
5515
5517
5518
5527
5528
5560
5561
5562
5624
5625
5628
5629
5640
5647
5648
5656
5663
5693
5701
5725
5726
5743
5813
5815
5822
5823
5845
5888
5890
5893
5894
5925
5926
5927
5928
5929
5930
5931
5933
5935
5942
5944
5946
5947
5948
5949
5956
5957
5958
5959
5960
5966
5967
5972
5973
5975
5976
5977
6000
6002
6027
6029
6030
6033
6036
6037
6055
6062
6071
6095
6151
6171
6172
6183
6226
6230
6235
6242
6243
6259
6261
6272
6273
6276
6312
6314
6315
6328
6329
6330
6332
6333
6363
6364
6365
6366
6367
6368
6369
6370
6371
6372
6373
6374
6375
6382
6384
6385
6386
6387
6389
6390
6406
6407
6408
6411
6415
6416
6418
6419
6440
6441
6467
6470
6545
6572
6573
6574
6612
6661
6662
6666
6668
6670
6671
6675
6682
6683
6685
6686
6701
6702
6709
6710
6712
6713
6714
6715
6716
6725
6744
6752
6766
6767
6768
6769
6772
6773
6804
6805
6806
6807
6808
6809
6810
6811
6812
6813
6822
6823
6824
6825
6826
6827
6828
6829
6830
6833
6836
6847
6848
6874
6878
6879
6881
6907
6910
6911
6912
7083
7108
7125
7152
7153
7154
7155
7174
7206
7207
7211
7212
7213
7244
7246
7247
7248
7249
7250
7251
7252
7254
7264
7265
7267
7272
7273
7275
7276
7277
7287
7303
7307
7314
7316
7317
7318
7319
7322
7323
7343
7349
7350
7353
7362
7400
7437
7446
7497
7498
7513
7548
7592
7593
7594
7626
7627
7646
7647
7650
7651
7652
7653
7654
7672
7673
7683
7684
7686
7687
7688
7689
7690
7691
7692
7693
7694
7705
7715
7716
7723
7726
7743
7747
7748
7755
7761
7774
7787
7789
7790
7791
7793
7840
7864
7865
7866
7880
7885
7886
7887
7920
7937
7938
7948
7975
8002
8003
8015
8016
8045
8066
8075
8085
8086
8087
8090
8091
8092
8093
8106
8107
8112
8113
8123
8124
8127
8128
8129
8130
8131
8132
8133
8148
8149
8150
8155
8156
8159
8160
8162
8163
8166
8168
8169
8204
8207
8208
8214
8221
8227
8228
8229
8230
8233
8234
8244
8245
8271
8272
8274
8277
8299
8312
8331
8332
8360
8388
8396
8401
8408
8485
8486
8510
8525
8526
8530
8531
8532
8533
8552
8563
8564
8565
8566
8567
8568
8569
8570
8571
8572
8573
8574
8577
8596
8597
8598
8599
8600
8647
8660
8664
8665
8667
8668
8679
8684
8685
8739
8752
8762
8767
8772
8835
8836
8841
8845
8846
8848
8849
8852
8855
8874
8875
8914
8915
8921
8925
8934
8935
8944
8950
8951
8964
8965
8966
8967
8968
8969
8970
8971
8972
8973
8974
9004
9005
9006
9007
9008
9009
9010
9011
9012
9013
9014
9017
9036
9037
9038
9039
9040
9042
9094
9104
9105
9107
9108
9175
9202
9207
9226
9239
9243
9257
9293
9294
9295
9314
9315
9354
9355
9377
9390
9404
9405
9406
9407
9408
9409
9410
9411
9412
9425
9442
9446
9447
9448
9449
9450
9451
9452
9453
9454
9465
9479
9482
9491
9544
9545
9638
9653
9654
9660
9662
9679
9680
9681
9683
9684
9696
9697
9763
9781
9818
9827
9836
9837
9838
9840
9844
9845
9847
9848
9849
9865
9881
9882
9884
9885
9887
9888
9889
9890
9891
9892
9893
9894
9931
9934
10015
10093
10098
10099
10117
10119
10137
10138
10221
10224
10270
10271
10275
10276
10277
10278
10281
10282
10284
10290
10291
10292
10301
10306
10321
10323
10324
10325
10326
10327
10328
10329
10330
10331
10333
10334
10341
10344
10345
10348
10349
10368
10373
10374
10508
10533
10534
10536
10537
10539
10549
10550
10554
10555
10577
10578
10604
10615
10715
10716
10718
10724
10730
10731
10732
10733
10734
10741
10742
10746
10747
10758
10762
10763
10764
10765
10766
10767
10768
10769
10770
10771
10772
10776
10777
10781
10784
10785
10793
10794
10799
10800
10802
10803
10808
10809
10817
10818
10871
10897
10936
10958
10959
10973
10975
11054
11055
11130
11138
11155
11156
11168
11169
11170
11171
11172
11173
11174
11186
11187
11198
11201
11202
11203
11204
11205
11206
11207
11208
11209
11210
11211
11212
11213
11214
11218
11221
11226
11228
11234
11235
11236
11237
11238
11244
11258
11307
11308
11311
11312
11313
11314
11337
11338
11397
11398
11399
11412
11413
11414
11415
11420
11554
11570
11573
11578
11596
11604
11608
11609
11610
11611
11612
11613
11614
11621
11623
11626
11627
11638
11641
11642
11643
11644
11645
11646
11647
11648
11649
11650
11651
11652
11653
11654
11655
11659
11666
11667
11675
11677
11733
11746
11747
11751
11780
11781
11810
11811
11847
11848
11850
11851
11852
11853
11854
11855
11856
11857
11858
11860
11881
11882
12013
12014
12021
12026
12034
12044
12045
12048
12049
12050
12051
12059
12061
12062
12063
12064
12066
12079
12081
12082
12083
12084
12085
12086
12087
12088
12089
12090
12091
12092
12093
12094
12095
12096
12139
12149
12150
12168
12169
12173
12179
12180
12183
12184
12185
12186
12228
12230
12237
12250
12251
12258
12259
12267
12271
12272
12284
12285
12286
12287
12288
12289
12290
12291
12292
12293
12294
12295
12296
12297
12298
12312
12337
12353
12430
12435
12453
12461
12466
12473
12474
12475
12476
12477
12484
12488
12489
12490
12491
12492
12496
12497
12498
12499
12501
12512
12513
12516
12517
12523
12527
12528
12529
12535
12536
12540
12548
12556
12589
12593
12609
12664
12668
12671
12677
12699
12711
12717
12718
12719
12724
12725
12726
12727
12728
12729
12731
12732
12733
12734
12735
12736
12737
12738
12751
12752
12787
12788
12864
12870
12893
12907
12915
12916
12917
12924
12928
12929
12930
12931
12932
12933
12934
12935
12936
12938
12954
12955
12956
12964
12967
12968
12969
12970
12971
12975
12976
12984
12985
12996
13000
13002
13017
13018
13019
13020
13021
13029
13033
13034
13043
13044
13086
13156
13165
13166
13167
13168
13171
13172
13173
13174
13181
13206
13207
13224
13225
13227
13239
13244
13245
13249
13261
13262
13267
13268
13274
13275
13278
13279
13286
13288
13289
13292
13295
13300
13304
13305
13318
13319
13321
13324
13326
13327
13328
13329
13333
13338
13339
13354
13355
13356
13357
13359
13360
13365
13369
13370
13371
13372
13373
13394
13395
13404
13405
13408
13409
13410
13412
13413
13415
13416
13427
13436
13444
13458
13493
13526
13559
13576
13577
13610
13611
13612
13613
13614
13637
13661
13662
13667
13668
13676
13686
13693
13694
13697
13698
13702
13706
13707
13708
13709
13712
13713
13714
13719
13725
13727
13733
13734
13737
13742
13743
13752
13755
13756
13757
13758
13764
13766
13767
13768
13769
13770
13773
13775
13778
13779
13793
13794
13795
13796
13797
13802
13803
13804
13805
13807
13808
13809
13826
13835
13855
13866
13867
13889
13896
13897
13920
13970
14005
14050
14051
14052
14053
14054
14090
14097
14098
14106
14107
14108
14126
14142
14149
14195
14197
14209
14210
14211
14218
14232
14233
14234
14235
14244
14245
14248
14249
14252
14253
14254
14259
14261
14290
14296
14303
14304
14306
14307
14310
14312
14336
14337
14374
14410
14455
14474
14475
14476
14477
14478
14488
14490
14491
14492
14493
14495
14521
14526
14530
14546
14547
14548
14649
14650
14651
14658
14673
14674
14677
14678
14693
14694
14695
14696
14697
14699
14701
14708
14709
14732
14733
14734
14735
14736
14737
14750
14800
14801
14898
14914
14915
14916
14917
14920
14930
14932
14933
14951
14952
14986
14987
14988
14989
14990
15025
15066
15090
15091
15098
15113
15115
15117
15118
15131
15132
15134
15137
15145
15146
15148
15172
15173
15174
15176
15177
15180
15181
15184
15240
15241
15254
15270
15279
15282
15283
15285
15286
15314
15315
15318
15355
15356
15360
15366
15370
15373
15374
15422
15423
15424
15425
15426
15427
15428
15429
15430
15506
15530
15531
15552
15557
15558
15561
15562
15563
15570
15585
15586
15612
15613
15614
15615
15616
15617
15619
15622
15624
15625
15640
15641
15654
15655
15656
15657
15706
15710
15722
15723
15754
15764
15765
15781
15809
15810
15811
15814
15862
15863
15864
15865
15866
15867
15868
15869
15870
15920
15960
15972
15973
15977
15978
15979
16001
16002
16003
16004
16005
16008
16011
16033
16052
16053
16054
16055
16056
16057
16063
16150
16178
16179
16194
16217
16218
16247
16251
16302
16303
16304
16305
16307
16308
16309
16344
16400
16411
16412
16413
16414
16435
16436
16437
16442
16443
16444
16445
16446
16447
16448
16454
16455
16473
16483
16484
16489
16490
16492
16552
16560
16561
16586
16587
16605
16619
16657
16658
16661
16662
16663
16664
16676
16685
16686
16687
16720
16742
16743
16744
16747
16748
16768
16769
16800
16801
16834
16850
16851
16852
16853
16854
16855
16873
16874
16875
16876
16877
16882
16883
16884
16885
16886
16887
16892
16894
16895
16901
16951
16977
16978
16992
17010
17018
17019
17026
17027
17045
17056
17065
17066
17089
17090
17101
17119
17122
17123
17126
17161
17162
17172
17182
17188
17191
17194
17217
17247
17248
17249
17250
17251
17285
17286
17290
17291
17292
17294
17295
17312
17313
17314
17315
17316
17317
17320
17321
17322
17323
17324
17325
17341
17390
17427
17450
17453
17459
17463
17467
17485
17527
17528
17552
17612
17622
17634
17687
17688
17689
17690
17723
17724
17725
17726
17727
17728
17729
17730
17731
17732
17733
17734
17736
17737
17749
17750
17751
17752
17753
17754
17755
17756
17757
17758
17759
17760
17761
17762
17763
17764
17765
17769
17777
17778
17779
17803
17804
17806
17830
17841
17847
17848
17849
17851
17872
17873
17881
17893
17894
17901
17935
17936
17997
17998
18050
18051
18054
18055
18056
18062
18064
18095
18105
18106
18116
18125
18126
18127
18128
18129
18130
18131
18137
18138
18159
18160
18163
18164
18167
18168
18169
18170
18171
18172
18173
18174
18183
18185
18186
18187
18189
18194
18195
18196
18197
18198
18199
18200
18201
18202
18205
18217
18218
18219
18243
18244
18245
18270
18284
18346
18347
18376
18403
18404
18427
18428
18437
18438
18503
18523
18531
18536
18555
18570
18571
18572
18592
18598
18599
18600
18603
18604
18607
18608
18609
18610
18611
18612
18613
18614
18615
18622
18623
18626
18627
18628
18633
18634
18635
18636
18637
18638
18640
18641
18642
18658
18671
18786
18787
18833
18834
18835
18843
18844
18856
18867
18868
18898
18899
18947
18963
18971
18972
18973
18994
18995
19031
19032
19041
19043
19044
19045
19046
19047
19050
19051
19052
19053
19054
19059
19060
19062
19063
19064
19065
19066
19067
19072
19073
19074
19075
19076
19077
19078
19079
19080
19095
19149
19176
19177
19225
19226
19227
19228
19272
19273
19274
19275
19295
19296
19328
19329
19350
19351
19413
19416
19439
19440
19471
19472
19482
19483
19484
19485
19486
19487
19488
19489
19490
19491
19492
19493
19494
19495
19497
19498
19499
19500
19501
19502
19503
19504
19505
19506
19507
19512
19513
19514
19515
19516
19517
19518
19519
19535
19589
19618
19665
19666
19667
19668
19712
19713
19714
19715
19716
19780
19788
19797
19853
19854
19857
19896
19922
19923
19924
19925
19926
19927
19928
19929
19930
19931
19932
19935
19937
19938
19939
19940
19941
19943
19944
19945
19946
19949
19950
19951
19952
19953
19954
19955
19956
19957
19958
19959
19961
19964
19965
19968
19993
20055
20056
20057
20058
20080
20081
20106
20107
20108
20153
20154
20155
20220
20294
20297
20362
20363
20364
20365
20366
20367
20370
20371
20372
20373
20374
20375
20376
20377
20378
20379
20380
20381
20382
20383
20384
20385
20386
20387
20388
20392
20394
20396
20397
20398
20399
20401
20402
20403
20404
20405
20494
20495
20496
20497
20498
20520
20521
20546
20547
20548
20594
20595
20615
20697
20737
20739
20740
20742
20803
20804
20805
20806
20807
20808
20809
20810
20811
20812
20813
20814
20815
20816
20818
20819
20820
20821
20822
20823
20824
20825
20826
20827
20828
20829
20833
20834
20835
20837
20838
20839
20840
20841
20843
20844
20845
20846
20847
20848
20849
20850
20851
20855
20856
20880
20881
20882
20883
20935
20936
20937
20987
20988
21034
21087
21121
21137
21166
21176
21177
21178
21243
21244
21245
21246
21247
21249
21250
21251
21252
21253
21254
21255
21258
21259
21260
21261
21262
21263
21264
21265
21266
21267
21268
21269
21270
21271
21272
21273
21276
21277
21278
21279
21284
21285
21286
21287
21288
21289
21290
21291
21294
21295
21296
21297
21302
21303
21304
21305
21306
21319
21321
21336
21375
21450
21451
21456
21457
21480
21488
21503
21504
21561
21606
21618
21623
21625
21626
21629
21633
21672
21673
21685
21686
21687
21688
21689
21690
21691
21692
21693
21694
21695
21697
21698
21699
21700
21701
21702
21703
21704
21705
21706
21707
21708
21709
21710
21711
21712
21713
21714
21715
21716
21717
21718
21719
21720
21721
21722
21723
21724
21725
21726
21727
21728
21729
21734
21735
21736
21741
21742
21743
21744
21745
21746
21756
21757
21758
21759
21760
21761
21796
21797
21805
21838
21852
21860
21878
21879
21884
21889
21890
21891
21908
21910
21911
21920
21921
21943
21970
21971
21978
22001
22008
22066
22069
22073
22076
22077
22112
22113
22114
22115
22116
22128
22129
22130
22131
22135
22138
22139
22140
22141
22143
22144
22145
22146
22147
22148
22149
22150
22151
22152
22153
22154
22155
22156
22157
22158
22159
22160
22161
22162
22163
22164
22165
22166
22167
22168
22169
22170
22179
22181
22182
22183
22184
22185
22186
22196
22197
22198
22199
22200
22201
22202
22208
22212
22213
22218
22219
22227
22228
22231
22237
22239
22245
22247
22248
22255
22271
22272
22274
22275
22278
22290
22291
22292
22300
22313
22325
22328
22333
22350
22410
22411
22418
22441
22456
22460
22470
22473
22481
22482
22489
22490
22496
22514
22521
22530
22535
22541
22542
22543
22548
22552
22553
22554
22555
22556
22562
22563
22569
22570
22571
22573
22574
22576
22577
22578
22579
22580
22581
22582
22583
22584
22585
22586
22587
22588
22589
22590
22591
22592
22593
22594
22595
22596
22597
22598
22599
22600
22601
22602
22603
22604
22605
22606
22607
22608
22609
22610
22611
22612
22613
22619
22621
22622
22623
22624
22625
22626
22629
22630
22632
22633
22634
22635
22637
22638
22639
22640
22641
22646
22648
22649
22650
22652
22653
22654
22655
22656
22657
22658
22659
22663
22665
22667
22668
22669
22671
22680
22683
22689
22690
22695
22714
22715
22755
22762
22763
22764
22765
22766
22781
22782
22826
22836
22842
22888
22899
22900
22907
22908
22915
22921
22932
22933
22961
22968
22972
22974
22975
22979
22980
22981
22982
22983
22985
22986
22988
22992
22993
22994
22995
22996
23001
23009
23010
23011
23012
23013
23014
23015
23016
23017
23018
23019
23020
23021
23022
23023
23024
23025
23026
23027
23028
23029
23030
23031
23032
23033
23034
23035
23036
23037
23038
23039
23040
23041
23042
23043
23044
23045
23046
23047
23048
23049
23050
23051
23053
23054
23059
23060
23061
23062
23063
23064
23065
23066
23067
23068
23069
23070
23071
23072
23073
23075
23089
23090
23092
23093
23094
23095
23096
23097
23103
23109
23122
23123
23138
23139
23144
23145
23146
23147
23189
23202
23203
23205
23206
23308
23347
23348
23408
23415
23416
23426
23441
23450
23454
23455
23456
23457
23458
23459
23462
23463
23464
23465
23466
23472
23473
23474
23475
23476
23477
23478
23479
23480
23481
23482
23483
23484
23485
23486
23487
23488
23489
23490
23491
23493
23494
23495
23498
23499
23500
23501
23502
23503
23504
23505
23506
23507
23508
23509
23510
23511
23512
23513
23529
23530
23532
23533
23534
23535
23536
23537
23541
23542
23543
23544
23545
23585
23600
23621
23626
23627
23629
23739
23749
23804
23821
23833
23834
23855
23856
23884
23894
23895
23897
23898
23901
23902
23903
23904
23905
23906
23912
23913
23914
23915
23916
23917
23918
23919
23920
23921
23922
23923
23924
23925
23926
23927
23928
23929
23930
23935
23936
23938
23939
23940
23941
23942
23943
23944
23945
23946
23947
23948
23949
23950
23951
23952
23953
23972
23973
23974
23975
23976
23977
23981
23983
23985
24024
24025
24061
24066
24067
24114
24167
24173
24189
24244
24321
24334
24335
24336
24337
24338
24339
24341
24342
24343
24345
24346
24347
24348
24350
24351
24352
24353
24354
24355
24356
24357
24358
24359
24360
24361
24362
24363
24364
24365
24366
24367
24369
24370
24371
24372
24375
24376
24377
24378
24379
24380
24381
24382
24383
24384
24386
24387
24388
24389
24390
24391
24392
24393
24398
24505
24506
24586
24639
24700
24705
24774
24775
24776
24777
24778
24779
24780
24781
24782
24783
24785
24786
24787
24788
24789
24790
24791
24792
24793
24794
24795
24796
24797
24798
24799
24800
24801
24802
24803
24804
24805
24806
24807
24808
24809
24810
24811
24812
24813
24818
24819
24820
24821
24822
24823
24824
24825
24826
24827
24828
24829
24830
24831
24832
24833
24945
24946
24963
24972
25026
25068
25096
25097
25110
25111
25139
25140
25160
25214
25215
25216
25217
25218
25219
25220
25221
25222
25223
25224
25227
25228
25229
25230
25231
25232
25233
25234
25235
25236
25237
25238
25239
25240
25241
25242
25243
25244
25245
25246
25247
25248
25249
25250
25251
25252
25253
25254
25255
25256
25257
25258
25259
25260
25261
25262
25263
25264
25265
25266
25267
25268
25269
25270
25271
25272
25273
25371
25372
25461
25480
25481
25579
25592
25599
25600
25653
25654
25657
25658
25659
25660
25661
25662
25663
25664
25666
25667
25669
25670
25671
25672
25673
25674
25677
25678
25679
25680
25681
25682
25683
25685
25687
25688
25689
25690
25691
25692
25693
25694
25695
25696
25697
25698
25699
25700
25701
25702
25703
25704
25705
25706
25707
25708
25709
25710
25711
25712
25713
25723
25724
25811
25812
25890
25901
25976
25977
26088
26089
26093
26094
26095
26096
26097
26098
26099
26100
26101
26102
26103
26104
26105
26106
26107
26108
26109
26110
26111
26112
26113
26114
26117
26118
26119
26120
26121
26122
26123
26125
26126
26127
26128
26129
26130
26131
26132
26133
26134
26135
26136
26137
26138
26139
26140
26141
26142
26143
26144
26145
26146
26147
26148
26149
26150
26151
26152
26153
26159
26160
26161
26162
26163
26185
26207
26218
26219
26257
26258
26276
26311
26320
26329
26330
26353
26354
26355
26370
26371
26372
26373
26480
26506
26507
26533
26534
26535
26536
26537
26538
26539
26540
26541
26542
26543
26544
26545
26546
26547
26548
26549
26550
26551
26552
26553
26554
26555
26557
26558
26559
26560
26561
26562
26563
26564
26565
26566
26567
26568
26569
26570
26571
26572
26573
26574
26575
26576
26577
26578
26579
26580
26581
26582
26583
26584
26585
26586
26587
26588
26589
26590
26591
26592
26593
26599
26600
26601
26602
26604
26640
26644
26647
26653
26657
26658
26659
26661
26667
26668
26673
26674
26679
26691
26698
26709
26713
26716
26733
26751
26753
26760
26761
26765
26771
26775
26776
26794
26795
26796
26802
26805
26810
26811
26813
26825
26830
26839
26842
26843
26857
26899
26900
26945
26946
26958
26973
26974
26975
26976
26977
26978
26979
26980
26981
26982
26983
26984
26985
26986
26987
26988
26989
26990
26991
26992
26993
26994
26995
26996
26997
26998
26999
27000
27001
27002
27003
27004
27005
27006
27007
27008
27009
27010
27011
27012
27013
27014
27015
27016
27017
27018
27019
27020
27021
27022
27023
27024
27025
27026
27027
27028
27029
27030
27031
27032
27033
27034
27040
27041
27042
27043
27049
27053
27065
27066
27073
27093
27094
27095
27096
27097
27101
27105
27108
27118
27119
27126
27127
27130
27131
27134
27135
27152
27153
27156
27193
27195
27237
27245
27282
27283
27286
27288
27296
27297
27319
27323
27326
27327
27329
27331
27346
27359
27360
27370
27407
27414
27415
27416
27418
27419
27420
27421
27422
27423
27424
27425
27426
27427
27428
27429
27430
27431
27432
27433
27434
27435
27436
27437
27438
27439
27440
27441
27442
27443
27444
27445
27446
27447
27448
27449
27450
27451
27452
27453
27454
27455
27456
27457
27458
27459
27460
27461
27462
27463
27464
27465
27466
27467
27468
27469
27470
27471
27472
27480
27481
27482
27483
27488
27489
27490
27491
27492
27504
27505
27513
27514
27528
27541
27558
27562
27614
27620
27635
27726
27728
27734
27766
27769
27785
27799
27816
27825
27826
27827
27832
27833
27834
27850
27851
27856
27858
27859
27860
27861
27862
27863
27864
27865
27866
27867
27868
27869
27870
27871
27872
27873
27874
27875
27876
27877
27878
27879
27880
27881
27882
27883
27884
27885
27886
27887
27888
27889
27890
27891
27892
27893
27894
27896
27897
27898
27899
27900
27901
27902
27903
27904
27905
27906
27907
27908
27909
27910
27911
27912
27938
27953
27965
27976
28033
28042
28043
28192
28193
28225
28256
28272
28274
28290
28291
28298
28299
28300
28301
28302
28303
28304
28305
28306
28307
28308
28309
28310
28311
28312
28313
28314
28315
28316
28317
28318
28319
28320
28321
28322
28323
28324
28325
28326
28327
28328
28329
28330
28331
28332
28333
28334
28335
28336
28337
28338
28339
28340
28341
28342
28343
28344
28345
28346
28347
28348
28349
28350
28351
28352
28359
28416
28417
28472
28473
28539
28540
28633
28659
28660
28665
28702
28706
28707
28713
28714
28730
28731
28738
28739
28740
28741
28742
28743
28744
28745
28746
28747
28748
28749
28750
28751
28752
28753
28754
28755
28756
28757
28758
28759
28760
28761
28762
28763
28764
28765
28766
28767
28768
28769
28770
28771
28772
28773
28774
28775
28776
28777
28778
28779
28780
28781
28782
28783
28784
28785
28786
28788
28789
28790
28791
28792
28798
28799
28804
28805
28857
28858
28870
28918
29099
29153
29154
29159
29175
29179
29180
29181
29182
29183
29184
29185
29186
29187
29188
29189
29190
29191
29192
29193
29194
29195
29196
29197
29198
29199
29200
29201
29202
29203
29204
29205
29206
29207
29208
29209
29210
29211
29212
29213
29214
29215
29216
29217
29218
29219
29220
29221
29222
29223
29224
29225
29226
29230
29231
29232
29237
29238
29239
29244
29245
29302
29383
29497
29512
29539
29560
29568
29571
29572
29585
29591
29592
29593
29594
29598
29599
29600
29602
29603
29604
29605
29606
29608
29609
29610
29611
29612
29613
29615
29617
29618
29619
29620
29621
29622
29623
29624
29625
29626
29627
29628
29629
29630
29631
29632
29633
29634
29635
29636
29637
29638
29639
29640
29641
29642
29643
29644
29645
29646
29647
29648
29649
29650
29651
29652
29653
29654
29656
29657
29658
29659
29660
29661
29662
29663
29664
29665
29666
29727
29728
29792
29862
29863
29937
30000
30007
30008
30009
30011
30012
30013
30015
30016
30017
30018
30020
30026
30027
30028
30029
30031
30032
30033
30034
30039
30040
30043
30044
30045
30046
30047
30048
30049
30050
30051
30052
30053
30054
30057
30059
30060
30061
30062
30063
30064
30065
30066
30067
30068
30069
30070
30071
30072
30073
30074
30075
30076
30077
30078
30079
30080
30081
30082
30083
30084
30085
30086
30087
30088
30089
30090
30091
30092
30093
30096
30097
30098
30099
30100
30101
30102
30103
30117
30118
30168
30232
30348
30447
30448
30449
30450
30456
30457
30458
30462
30466
30467
30468
30469
30479
30480
30484
30485
30490
30491
30492
30494
30495
30496
30497
30498
30499
30500
30501
30502
30503
30504
30505
30506
30507
30508
30509
30510
30511
30512
30513
30514
30515
30516
30517
30518
30519
30520
30521
30522
30523
30524
30529
30530
30531
30532
30533
30534
30535
30536
30537
30538
30539
30540
30541
30542
30543
30547
30548
30553
30554
30556
30557
30558
30666
30672
30673
30734
30735
30737
30738
30749
30750
30760
30761
30769
30773
30774
30832
30879
30887
30888
30889
30895
30896
30897
30898
30921
30922
30931
30932
30934
30935
30936
30937
30938
30939
30940
30941
30942
30943
30944
30945
30946
30947
30948
30949
30950
30951
30952
30953
30954
30955
30956
30957
30958
30959
30960
30961
30962
30963
30964
30966
30967
30969
30970
30971
30972
30973
30974
30975
30976
30977
30978
30979
30980
30981
30989
30997
31069
31070
31094
31095
31099
31100
31112
31135
31136
31154
31170
31178
31179
31183
31190
31200
31208
31209
31235
31276
31322
31327
31328
31332
31334
31335
31336
31337
31338
31339
31340
31341
31342
31343
31344
31346
31347
31358
31359
31360
31361
31362
31363
31364
31369
31375
31376
31377
31378
31379
31380
31381
31382
31383
31384
31385
31386
31387
31388
31389
31390
31391
31392
31393
31394
31395
31396
31397
31398
31399
31400
31401
31402
31404
31405
31406
31407
31409
31410
31411
31412
31413
31414
31415
31416
31417
31418
31419
31420
31421
31422
31427
31428
31429
31430
31498
31534
31535
31541
31546
31550
31554
31560
31563
31564
31569
31570
31581
31587
31594
31610
31619
31630
31631
31660
31681
31682
31683
31688
31698
31699
31707
31723
31724
31732
31733
31739
31762
31766
31767
31768
31769
31772
31773
31774
31775
31776
31777
31778
31779
31780
31781
31782
31783
31784
31785
31786
31787
31788
31789
31791
31797
31798
31800
31801
31802
31803
31804
31808
31809
31811
31812
31815
31816
31817
31820
31821
31822
31823
31824
31825
31826
31827
31828
31829
31830
31831
31832
31833
31834
31835
31836
31837
31838
31839
31840
31841
31842
31843
31844
31845
31849
31850
31851
31852
31853
31854
31855
31856
31857
31858
31859
31860
31861
31862
31864
31865
31866
31867
31868
31869
31870
31871
31881
31882
31891
31892
31895
31896
31899
31902
31907
31934
31940
31941
31951
31952
31954
31956
31981
31986
31990
31994
32000
32003
32004
32009
32010
32021
32022
32098
32100
32119
32149
32150
32163
32164
32166
32169
32171
32172
32173
32178
32179
32181
32182
32185
32187
32188
32193
32202
32203
32204
32205
32206
32207
32208
32209
32212
32213
32214
32215
32216
32217
32219
32220
32221
32222
32223
32226
32227
32228
32229
32230
32231
32232
32234
32235
32237
32238
32239
32241
32242
32244
32245
32246
32247
32248
32249
32250
32251
32252
32253
32254
32255
32256
32262
32263
32264
32265
32266
32268
32269
32270
32271
32272
32273
32274
32275
32276
32277
32278
32279
32280
32281
32282
32283
32284
32285
32286
32287
32288
32289
32290
32291
32292
32293
32294
32296
32297
32298
32299
32300
32301
32302
32303
32304
32305
32306
32307
32308
32309
32310
32311
32318
32319
32320
32321
32322
32324
32325
32329
32330
32331
32332
32334
32337
32339
32340
32341
32374
32380
32391
32392
32401
32538
32559
32590
32606
32611
32628
32643
32644
32645
32646
32647
32648
32649
32650
32652
32655
32656
32657
32658
32659
32660
32661
32662
32663
32664
32666
32667
32668
32669
32670
32677
32678
32679
32681
32682
32683
32685
32686
32687
32688
32689
32690
32691
32692
32693
32694
32695
32697
32701
32702
32703
32704
32705
32706
32707
32709
32710
32711
32712
32713
32714
32715
32716
32717
32718
32719
32720
32721
32722
32723
32724
32725
32726
32727
32728
32729
32730
32731
32732
32733
32734
32735
32737
32738
32739
32740
32741
32742
32743
32744
32745
32746
32747
32748
32749
32753
32754
32758
32759
32760
32761
32762
32764
32765
32766
32767
32768
32769
32770
32771
32772
32802
32803
32852
32935
33017
33060
33061
33082
33083
33084
33085
33086
33088
33089
33090
33093
33094
33095
33096
33097
33098
33099
33100
33101
33106
33107
33108
33122
33123
33126
33127
33128
33129
33130
33131
33132
33133
33137
33140
33141
33142
33143
33144
33145
33146
33149
33150
33151
33152
33153
33154
33155
33156
33157
33158
33159
33160
33161
33162
33163
33164
33165
33166
33167
33168
33169
33170
33171
33172
33173
33174
33175
33176
33177
33178
33179
33180
33181
33182
33183
33184
33185
33186
33187
33188
33189
33190
33191
33192
33193
33198
33199
33200
33201
33202
33206
33207
33375
33442
33500
33501
33519
33522
33525
33526
33527
33528
33529
33530
33531
33533
33534
33535
33536
33537
33538
33539
33540
33543
33544
33545
33546
33547
33548
33551
33552
33553
33554
33562
33563
33564
33565
33570
33571
33572
33574
33576
33577
33578
33582
33583
33584
33585
33586
33587
33589
33590
33591
33592
33593
33594
33595
33596
33597
33598
33599
33600
33601
33602
33603
33604
33605
33606
33607
33608
33609
33610
33611
33612
33613
33614
33615
33616
33617
33618
33619
33620
33621
33622
33623
33624
33625
33626
33627
33628
33629
33630
33631
33632
33633
33638
33639
33640
33641
33644
33645
33730
33731
33816
33859
33870
33897
33898
33968
33969
33970
33971
33974
33975
33976
33977
33978
33980
33983
33984
33985
33986
33991
33992
33997
33998
34004
34010
34017
34018
34023
34024
34025
34026
34027
34028
34029
34030
34031
34032
34033
34034
34035
34036
34037
34038
34039
34040
34041
34042
34043
34044
34045
34046
34047
34048
34049
34050
34051
34052
34053
34054
34055
34056
34057
34058
34059
34060
34061
34062
34063
34064
34065
34066
34067
34068
34069
34070
34071
34072
34073
34074
34078
34079
34080
34081
34104
34256
34297
34299
34352
34356
34357
34401
34406
34408
34409
34410
34412
34415
34416
34417
34418
34419
34420
34421
34422
34423
34424
34425
34428
34437
34438
34444
34445
34449
34450
34451
34452
34456
34457
34458
34459
34460
34463
34464
34466
34467
34468
34469
34470
34471
34472
34473
34474
34475
34476
34477
34478
34479
34480
34481
34482
34483
34484
34485
34486
34487
34488
34489
34490
34491
34492
34493
34494
34495
34496
34497
34498
34499
34500
34501
34502
34503
34504
34505
34506
34507
34508
34509
34510
34511
34512
34514
34515
34516
34517
34518
34519
34520
34521
34777
34804
34809
34840
34841
34848
34849
34850
34851
34852
34855
34856
34857
34858
34859
34860
34861
34862
34863
34864
34865
34868
34870
34871
34877
34889
34890
34891
34896
34897
34898
34899
34900
34901
34903
34904
34905
34906
34907
34908
34909
34910
34911
34912
34913
34914
34915
34916
34917
34918
34919
34920
34921
34922
34923
34924
34925
34926
34927
34928
34929
34930
34931
34932
34933
34934
34935
34936
34937
34938
34939
34940
34941
34942
34943
34944
34945
34946
34947
34948
34949
34950
34951
34952
34953
34954
34955
34956
34957
34958
34959
34960
34961
34963
35095
35166
35167
35168
35169
35244
35249
35286
35287
35288
35289
35290
35295
35296
35297
35298
35299
35300
35301
35303
35304
35305
35306
35330
35331
35332
35337
35338
35339
35340
35341
35342
35343
35347
35348
35349
35350
35351
35352
35353
35354
35355
35356
35357
35358
35359
35360
35361
35362
35363
35364
35365
35366
35368
35369
35370
35371
35372
35373
35374
35375
35376
35377
35378
35379
35380
35381
35382
35383
35384
35385
35386
35387
35388
35389
35390
35391
35392
35393
35394
35395
35396
35397
35398
35399
35400
35401
35427
35470
35535
35554
35562
35570
35571
35597
35608
35609
35647
35648
35674
35725
35726
35727
35729
35730
35735
35736
35737
35738
35739
35740
35741
35743
35744
35776
35777
35778
35779
35780
35781
35782
35783
35786
35787
35788
35789
35790
35791
35792
35793
35794
35795
35796
35797
35798
35799
35800
35801
35802
35803
35804
35805
35806
35807
35808
35809
35810
35811
35812
35813
35814
35815
35816
35817
35818
35819
35820
35821
35822
35823
35824
35825
35826
35827
35828
35829
35830
35831
35832
35833
35834
35835
35836
35837
35838
35839
35840
35841
35867
35881
35896
35901
35914
35915
35921
35934
35944
35947
35948
35949
35959
35968
35984
35986
35994
35995
35996
36024
36039
36040
36048
36049
36065
36071
36075
36105
36167
36168
36169
36170
36175
36176
36177
36178
36180
36181
36182
36183
36198
36199
36216
36217
36218
36219
36220
36221
36222
36223
36224
36225
36226
36227
36228
36229
36230
36231
36232
36233
36234
36235
36236
36237
36238
36239
36240
36241
36242
36243
36244
36245
36246
36247
36248
36249
36250
36251
36252
36253
36254
36255
36256
36257
36258
36259
36260
36261
36262
36263
36264
36265
36266
36267
36268
36269
36270
36271
36272
36273
36274
36275
36276
36277
36278
36279
36280
36281
36282
36283
36289
36300
36305
36318
36319
36326
36334
36341
36349
36354
36355
36358
36361
36366
36374
36386
36401
36420
36432
36464
36489
36499
36549
36552
36553
36612
36613
36616
36617
36618
36619
36620
36621
36622
36623
36637
36638
36639
36640
36641
36643
36655
36656
36657
36658
36659
36660
36661
36662
36663
36664
36665
36666
36667
36668
36669
36670
36671
36672
36673
36674
36675
36676
36677
36678
36679
36680
36681
36682
36683
36684
36685
36686
36687
36688
36689
36690
36691
36692
36693
36694
36695
36696
36697
36698
36700
36701
36702
36703
36705
36706
36707
36708
36709
36710
36711
36712
36713
36714
36715
36716
36717
36718
36719
36720
36721
36722
36723
36724
36725
36738
36739
36745
36750
36751
36798
36809
36835
36836
36843
36844
36857
36858
36957
36992
36993
37040
37056
37057
37058
37059
37060
37061
37077
37078
37081
37083
37087
37088
37089
37094
37095
37096
37097
37098
37099
37100
37101
37102
37103
37104
37105
37106
37107
37108
37109
37110
37111
37112
37113
37114
37115
37116
37117
37118
37119
37120
37121
37122
37123
37124
37125
37126
37127
37128
37129
37130
37131
37132
37133
37134
37135
37136
37137
37138
37139
37143
37144
37145
37146
37147
37148
37149
37151
37152
37153
37154
37155
37156
37157
37158
37159
37160
37161
37162
37163
37164
37165
37166
37178
37179
37182
37218
37397
37480
37502
37503
37518
37519
37527
37528
37529
37538
37539
37540
37541
37542
37543
37544
37545
37546
37547
37548
37549
37550
37551
37552
37553
37554
37555
37556
37557
37558
37559
37560
37561
37562
37563
37564
37565
37566
37567
37568
37569
37570
37571
37572
37573
37574
37575
37576
37577
37579
37580
37581
37582
37583
37584
37585
37586
37587
37588
37589
37590
37591
37592
37593
37594
37595
37596
37597
37598
37599
37600
37601
37602
37603
37609
37637
37646
37647
37857
37915
37919
37941
37942
37943
37958
37959
37960
37967
37968
37975
37976
37977
37978
37979
37980
37981
37982
37983
37984
37985
37986
37987
37988
37989
37990
37991
37992
37993
37994
37995
37996
37997
37998
37999
38000
38001
38002
38003
38004
38005
38006
38007
38008
38009
38010
38011
38012
38013
38014
38015
38016
38017
38018
38019
38020
38021
38022
38023
38024
38025
38026
38027
38028
38029
38030
38031
38032
38033
38034
38035
38036
38037
38038
38039
38040
38041
38042
38043
38044
38045
38049
38112
38131
38207
38208
38296
38297
38339
38340
38349
38352
38353
38359
38362
38363
38365
38369
38373
38381
38383
38398
38399
38400
38408
38412
38415
38416
38417
38418
38419
38420
38421
38422
38423
38424
38425
38426
38427
38428
38429
38430
38431
38432
38433
38434
38435
38436
38437
38438
38439
38440
38441
38442
38443
38444
38445
38446
38447
38448
38449
38450
38451
38452
38453
38454
38455
38456
38457
38458
38459
38462
38463
38464
38465
38466
38467
38468
38469
38470
38471
38472
38473
38474
38475
38476
38477
38478
38479
38480
38481
38482
38483
38484
38485
38486
38537
38647
38648
38698
38720
38726
38736
38742
38743
38757
38759
38771
38772
38783
38789
38790
38799
38800
38804
38805
38806
38807
38809
38810
38823
38835
38836
38838
38839
38840
38847
38848
38849
38851
38852
38855
38856
38857
38858
38859
38860
38863
38864
38865
38866
38867
38868
38869
38870
38871
38872
38873
38874
38875
38876
38877
38878
38879
38880
38881
38882
38883
38884
38885
38886
38887
38888
38889
38890
38891
38892
38893
38894
38895
38896
38897
38898
38902
38903
38904
38905
38906
38907
38908
38909
38910
38911
38912
38913
38914
38915
38916
38917
38918
38919
38920
38921
38922
38923
38924
38925
38926
39096
39168
39182
39183
39197
39199
39211
39212
39223
39233
39237
39250
39278
39279
39280
39281
39287
39288
39289
39291
39292
39294
39295
39296
39297
39298
39299
39300
39301
39302
39303
39304
39305
39306
39307
39308
39309
39310
39311
39312
39313
39314
39315
39316
39317
39318
39319
39320
39321
39322
39323
39324
39325
39326
39327
39328
39329
39330
39331
39332
39333
39334
39335
39336
39337
39338
39341
39342
39343
39344
39345
39346
39347
39348
39349
39350
39351
39352
39353
39354
39355
39356
39357
39358
39359
39360
39361
39362
39363
39364
39365
39366
39367
39475
39536
39547
39670
39671
39673
39686
39687
39690
39695
39696
39718
39719
39720
39721
39728
39729
39736
39737
39738
39739
39740
39741
39742
39743
39744
39745
39746
39747
39748
39749
39750
39751
39752
39753
39754
39755
39756
39757
39758
39759
39760
39761
39762
39763
39764
39765
39766
39767
39768
39769
39770
39771
39772
39773
39774
39775
39776
39777
39778
39779
39780
39781
39782
39783
39784
39785
39786
39787
39788
39789
39790
39791
39793
39794
39795
39796
39797
39798
39799
39800
39801
39802
39803
39804
39805
39806
39807
39846
39860
39861
39881
39891
39892
39907
39908
39915
39982
39987
39998
40007
40008
40118
40119
40120
40123
40124
40125
40126
40127
40128
40135
40158
40159
40160
40161
40168
40169
40172
40177
40178
40179
40180
40181
40182
40183
40184
40185
40186
40187
40188
40189
40190
40191
40192
40193
40194
40195
40196
40197
40198
40199
40200
40201
40202
40203
40204
40205
40206
40207
40208
40209
40210
40211
40212
40213
40214
40215
40216
40217
40218
40219
40220
40221
40222
40223
40224
40225
40226
40227
40228
40229
40230
40231
40232
40233
40234
40235
40236
40237
40238
40239
40240
40241
40242
40244
40245
40246
40247
40286
40287
40297
40309
40329
40330
40339
40340
40347
40396
40400
40417
40430
40438
40439
40447
40448
40475
40532
40557
40559
40560
40561
40562
40563
40564
40594
40599
40600
40612
40615
40616
40618
40619
40620
40621
40622
40623
40624
40625
40626
40627
40628
40629
40630
40631
40632
40633
40634
40635
40636
40637
40638
40639
40640
40641
40642
40643
40644
40645
40646
40647
40648
40649
40650
40651
40653
40654
40655
40656
40657
40658
40659
40660
40661
40662
40663
40664
40665
40666
40667
40668
40669
40670
40671
40672
40673
40674
40675
40676
40677
40678
40679
40680
40681
40684
40685
40686
40687
40695
40721
40725
40726
40727
40732
40749
40766
40768
40779
40780
40781
40782
40786
40787
40792
40806
40807
40824
40842
40843
40857
40870
40880
40886
40888
40889
40905
40912
40920
40921
40948
40949
40971
40972
40986
40987
40999
41001
41002
41004
41023
41046
41056
41057
41058
41059
41060
41061
41062
41063
41064
41065
41066
41067
41068
41069
41071
41072
41073
41074
41075
41076
41077
41078
41079
41080
41081
41082
41083
41084
41085
41086
41087
41088
41089
41090
41091
41092
41093
41094
41095
41096
41097
41098
41099
41100
41101
41102
41103
41104
41105
41106
41107
41108
41109
41110
41111
41112
41113
41114
41115
41116
41117
41118
41119
41120
41121
41124
41125
41126
41127
41129
41130
41149
41150
41161
41163
41165
41166
41167
41172
41208
41219
41220
41221
41222
41232
41246
41247
41326
41328
41329
41358
41360
41361
41382
41388
41389
41431
41432
41435
41436
41437
41445
41463
41479
41480
41497
41498
41499
41500
41501
41502
41503
41504
41505
41506
41507
41508
41510
41511
41512
41513
41514
41515
41516
41517
41518
41519
41520
41521
41522
41523
41524
41525
41526
41527
41528
41529
41530
41531
41532
41533
41534
41535
41536
41537
41538
41539
41540
41541
41542
41543
41544
41545
41546
41547
41548
41549
41550
41551
41552
41553
41554
41555
41556
41557
41558
41559
41560
41564
41565
41566
41567
41573
41574
41580
41585
41586
41606
41607
41640
41714
41715
41779
41864
41875
41876
41879
41880
41903
41904
41915
41923
41935
41947
41949
41951
41952
41953
41954
41955
41956
41957
41958
41959
41960
41961
41962
41963
41964
41965
41966
41967
41968
41969
41970
41971
41972
41973
41974
41975
41976
41977
41978
41979
41980
41981
41982
41983
41984
41986
41992
41994
41995
41997
42000
42020
42122
42219
42220
42270
42271
42275
42276
42310
42311
42314
42315
42364
42365
42375
42381
42386
42388
42389
42390
42391
42392
42393
42394
42395
42396
42397
42398
42399
42400
42401
42402
42403
42404
42405
42406
42407
42408
42409
42410
42411
42412
42413
42414
42415
42416
42417
42418
42419
42420
42421
42422
42423
42433
42434
42435
42440
42444
42509
42510
42546
42547
42707
42710
42711
42713
42715
42716
42718
42749
42750
42751
42754
42756
42783
42784
42800
42801
42816
42817
42828
42829
42830
42831
42832
42833
42834
42835
42836
42837
42838
42839
42840
42841
42842
42843
42844
42845
42846
42847
42848
42850
42851
42852
42853
42854
42855
42856
42857
42858
42859
42860
42861
42862
42872
42873
42875
42880
42881
42882
42884
42944
42961
42962
42971
42972
43147
43155
43156
43158
43161
43164
43168
43169
43170
43189
43191
43192
43203
43223
43224
43238
43240
43255
43256
43262
43263
43269
43270
43271
43272
43273
43274
43275
43276
43277
43278
43279
43280
43281
43282
43283
43284
43285
43286
43287
43288
43289
43290
43291
43293
43294
43295
43297
43298
43299
43300
43301
43329
43400
43411
43427
43485
43486
43539
43557
43571
43621
43623
43624
43629
43630
43643
43644
43652
43663
43681
43682
43694
43695
43696
43709
43711
43712
43713
43714
43715
43716
43717
43718
43719
43720
43721
43722
43723
43724
43725
43726
43727
43728
43729
43730
43733
43734
43735
43736
43737
43738
43739
43752
43797
43815
43816
43879
43977
43978
43979
43997
44001
44014
44021
44022
44050
44051
44057
44059
44060
44061
44064
44085
44087
44088
44090
44091
44092
44095
44096
44120
44121
44127
44135
44136
44137
44138
44146
44149
44150
44151
44152
44153
44154
44155
44156
44157
44158
44159
44160
44161
44163
44164
44165
44166
44167
44168
44169
44170
44171
44174
44178
44179
44180
44182
44183
44184
44185
44186
44187
44188
44189
44190
44191
44192
44193
44244
44245
44257
44270
44271
44392
44393
44405
44429
44453
44459
44462
44469
44490
44491
44494
44495
44496
44497
44498
44499
44525
44554
44559
44560
44567
44575
44576
44577
44578
44589
44590
44591
44592
44593
44594
44595
44596
44597
44598
44599
44600
44601
44603
44604
44605
44606
44607
44608
44609
44610
44611
44612
44615
44617
44618
44619
44622
44623
44624
44625
44626
44627
44628
44629
44630
44631
44632
44633
44640
44684
44685
44710
44790
44795
44803
44810
44811
44830
44831
44841
44845
44848
44849
44867
44876
44882
44886
44893
44898
44899
44921
44926
44928
44929
44930
44931
44932
44933
44934
44935
44936
44937
44954
44974
44975
44983
44984
44996
45015
45016
45017
45029
45030
45031
45032
45033
45034
45035
45036
45037
45038
45039
45040
45041
45042
45043
45044
45045
45046
45047
45048
45057
45064
45065
45066
45067
45068
45069
45070
45071
45072
45073
45080
45081
45105
45142
45152
45158
45162
45163
45171
45172
45173
45194
45218
45219
45230
45233
45237
45243
45250
45256
45273
45292
45312
45314
45316
45322
45331
45332
45334
45360
45361
45366
45367
45368
45369
45370
45371
45372
45373
45374
45375
45376
45414
45415
45436
45458
45459
45460
45469
45470
45471
45472
45473
45474
45475
45477
45478
45479
45480
45481
45482
45483
45484
45485
45486
45487
45488
45504
45505
45506
45507
45508
45509
45510
45511
45512
45513
45565
45566
45567
45581
45586
45590
45602
45603
45611
45612
45613
45618
45619
45632
45633
45636
45644
45648
45656
45657
45672
45673
45685
45695
45713
45727
45740
45741
45752
45760
45761
45772
45773
45785
45806
45807
45808
45809
45810
45811
45812
45813
45814
45815
45830
45831
45875
45876
45890
45891
45899
45900
45909
45910
45911
45912
45913
45914
45915
45916
45917
45919
45920
45921
45922
45923
45924
45925
45926
45927
45928
45941
45944
45945
45946
45947
45948
45949
45950
45951
45952
45953
45954
45955
45959
46007
46032
46033
46037
46140
46225
46246
46247
46248
46249
46250
46251
46252
46253
46254
46255
46256
46257
46259
46261
46262
46265
46266
46271
46273
46283
46296
46303
46306
46307
46308
46312
46315
46323
46329
46330
46333
46338
46339
46340
46347
46349
46350
46351
46352
46353
46354
46355
46356
46357
46358
46359
46360
46361
46362
46363
46364
46365
46366
46367
46368
46369
46380
46381
46384
46385
46386
46387
46388
46389
46390
46392
46393
46397
46398
46401
46402
46403
46444
46587
46618
46647
46648
46657
46660
46675
46689
46690
46691
46695
46696
46697
46705
46706
46709
46723
46743
46746
46747
46755
46756
46766
46779
46781
46782
46787
46789
46790
46791
46792
46793
46794
46795
46796
46797
46798
46799
46800
46801
46802
46803
46804
46805
46806
46807
46808
46809
46810
46811
46812
46819
46832
46833
46836
46837
46838
46841
46842
46843
46994
46995
47027
47121
47154
47175
47176
47183
47221
47222
47223
47227
47228
47229
47230
47231
47232
47234
47235
47236
47237
47239
47240
47241
47242
47243
47244
47245
47246
47247
47248
47249
47250
47251
47260
47261
47273
47274
47276
47277
47284
47309
47386
47398
47399
47434
47489
47490
47541
47542
47553
47554
47581
47582
47594
47604
47613
47623
47661
47662
47663
47668
47669
47670
47671
47672
47675
47676
47677
47678
47679
47680
47681
47682
47683
47686
47687
47690
47691
47701
47716
47723
47724
47734
47735
47736
47744
47745
47746
47748
47749
47754
47755
47767
47768
47802
47827
47828
47989
47991
47993
48010
48021
48063
48064
48076
48077
48108
48109
48110
48111
48115
48121
48122
48123
48126
48127
48174
48175
48183
48184
48185
48186
48187
48188
48189
48200
48203
48204
48206
48214
48229
48230
48241
48267
48268
48288
48414
48415
48420
48421
48422
48449
48450
48465
48466
48484
48495
48496
48503
48516
48517
48548
48549
48550
48555
48556
48557
48558
48559
48566
48592
48626
48627
48631
48632
48633
48634
48658
48659
48669
48681
48707
48708
48765
48766
48849
48850
48854
48855
48857
48860
48905
48906
48913
48914
48924
48925
48935
48936
48943
48994
48995
48996
48997
48998
48999
49000
49001
49002
49003
49004
49005
49006
49008
49009
49010
49011
49013
49014
49015
49016
49017
49018
49068
49145
49146
49147
49148
49157
49225
49230
49247
49248
49284
49285
49287
49289
49290
49297
49331
49390
49395
49396
49432
49433
49434
49435
49437
49438
49439
49440
49441
49442
49443
49444
49445
49446
49449
49450
49451
49452
49453
49454
49455
49456
49457
49458
49484
49485
49527
49528
49585
49586
49587
49588
49589
49590
49620
49621
49628
49636
49653
49665
49719
49727
49731
49757
49768
49769
49822
49835
49836
49846
49847
49872
49873
49874
49875
49876
49877
49878
49879
49880
49881
49882
49883
49884
49885
49886
49887
49888
49889
49890
49892
49893
49894
49895
49896
49897
49898
49925
49931
49997
50007
50017
50021
50024
50025
50026
50027
50028
50029
50030
50031
50035
50045
50047
50057
50060
50061
50068
50076
50166
50197
50198
50208
50209
50262
50287
50310
50312
50313
50314
50315
50316
50317
50318
50319
50320
50321
50325
50326
50327
50328
50329
50330
50331
50332
50334
50335
50337
50338
50380
50381
50385
50434
50441
50446
50447
50456
50459
50461
50462
50465
50467
50471
50473
50475
50478
50497
50498
50524
50525
50606
50607
50637
50638
50651
50652
50657
50659
50692
50694
50716
50717
50731
50732
50739
50742
50752
50753
50754
50755
50756
50758
50759
50760
50761
50762
50763
50764
50765
50766
50767
50768
50769
50770
50771
50772
50774
50775
50776
50777
50778
50791
50820
50823
50826
50857
50880
50918
50964
50965
50986
51007
51008
51046
51047
51049
51056
51059
51060
51077
51078
51091
51092
51099
51100
51111
51112
51120
51137
51142
51143
51146
51147
51148
51156
51157
51159
51161
51162
51192
51193
51194
51195
51196
51200
51202
51203
51210
51211
51215
51216
51217
51218
51223
51259
51260
51321
51344
51345
51346
51347
51426
51486
51487
51564
51565
51571
51596
51601
51632
51634
51635
51636
51655
51656
51657
51658
51684
51686
51723
51724
51726
51727
51736
51737
51761
51762
51919
51926
51927
51937
51958
52004
52005
52011
52012
52035
52045
52046
52061
52072
52073
52074
52076
52095
52096
52097
52098
52126
52147
52359
52424
52475
52512
52513
52514
52517
52537
52538
52539
52540
52550
52551
52560
52587
52588
52651
52652
52767
52768
52806
52808
52809
52811
52812
52813
52814
52817
52864
52865
52914
52926
52927
52952
52953
52954
52956
52957
52978
52979
52980
52991
53004
53005
53006
53007
53008
53009
53207
53208
53246
53247
53248
53249
53250
53251
53252
53253
53257
53265
53266
53272
53273
53287
53293
53323
53396
53397
53409
53410
53411
53418
53419
53420
53421
53444
53445
53446
53447
53448
53449
53603
53604
53606
53607
53612
53617
53618
53650
53651
53686
53687
53688
53689
53690
53691
53692
53693
53706
53710
53717
53718
53732
53733
53763
53765
53805
53806
53831
53838
53839
53840
53849
53850
53858
53859
53860
53861
53884
53885
53886
53887
53888
53889
53971
54010
54043
54044
54058
54060
54072
54090
54091
54119
54125
54126
54127
54128
54129
54130
54136
54146
54149
54150
54151
54152
54184
54185
54194
54205
54212
54246
54247
54258
54278
54279
54289
54290
54298
54299
54300
54324
54325
54326
54327
54328
54329
54333
54334
54339
54351
54377
54382
54406
54411
54426
54427
54447
54475
54483
54484
54485
54487
54512
54515
54516
54539
54540
54556
54565
54566
54568
54569
54570
54576
54586
54587
54590
54591
54595
54624
54633
54650
54686
54687
54710
54711
54719
54720
54737
54738
54739
54740
54741
54759
54761
54773
54774
54780
54790
54791
54802
54808
54822
54823
54829
54830
54833
54841
54842
54846
54858
54866
54867
54869
54874
54878
54880
54881
54903
54914
54923
54924
54950
54988
54989
54996
55006
55007
55008
55009
55010
55053
55054
55063
55064
55088
55105
55109
55116
55143
55147
55148
55150
55151
55176
55177
55178
55179
55180
55181
55202
55203
55209
55210
55212
55213
55231
55232
55240
55244
55260
55263
55281
55343
55362
55363
55364
55390
55400
55444
55456
55493
55494
55513
55528
55545
55548
55549
55550
55551
55552
55567
55577
55578
55583
55599
55605
55618
55619
55620
55625
55626
55627
55643
55644
55645
55646
55647
55648
55649
55650
55683
55684
55753
55777
55778
55799
55800
55801
55802
55803
55804
55805
55806
55881
55884
55891
55895
55896
55905
55944
55953
55995
56000
56001
56002
56006
56017
56039
56048
56049
56050
56052
56054
56055
56065
56083
56084
56085
56086
56087
56088
56089
56090
56097
56098
56105
56107
56172
56173
56207
56228
56230
56231
56233
56240
56241
56242
56243
56244
56245
56246
56247
56248
56321
56324
56325
56328
56331
56335
56336
56384
56385
56435
56480
56501
56524
56525
56526
56527
56528
56529
56530
56531
56545
56546
56547
56612
56668
56669
56672
56673
56675
56680
56681
56682
56683
56684
56685
56686
56687
56688
56689
56690
56726
56727
56728
56731
56764
56765
56766
56775
56776
56797
56813
56824
56854
56875
56911
56919
56920
56964
56965
56966
56967
56968
56969
56970
56971
56973
56974
57007
57040
57073
57092
57093
57115
57120
57121
57122
57123
57124
57125
57126
57127
57164
57165
57166
57167
57168
57171
57205
57206
57209
57213
57214
57218
57226
57227
57250
57251
57253
57254
57351
57392
57393
57404
57405
57406
57407
57408
57409
57410
57413
57414
57459
57513
57532
57533
57539
57540
57559
57560
57561
57562
57563
57564
57565
57566
57588
57602
57603
57604
57605
57606
57607
57608
57609
57645
57646
57650
57653
57654
57658
57661
57663
57664
57665
57667
57671
57672
57674
57680
57683
57690
57691
57699
57702
57710
57720
57729
57730
57740
57741
57745
57746
57832
57846
57847
57848
57849
57850
57865
57899
57910
57979
57980
57981
57982
57991
57997
57998
57999
58000
58001
58002
58003
58004
58005
58006
58018
58019
58028
58043
58044
58045
58046
58047
58048
58090
58095
58101
58103
58111
58120
58130
58136
58150
58168
58169
58172
58173
58177
58180
58182
58184
58185
58186
58205
58206
58207
58217
58229
58230
58231
58238
58260
58261
58270
58271
58281
58325
58349
58350
58351
58421
58422
58429
58440
58441
58442
58443
58444
58445
58488
58501
58502
58535
58570
58601
58604
58645
58669
58670
58765
58845
58846
58869
58871
58876
58881
58882
58883
58884
58885
58928
58930
58931
58941
58942
58953
58954
59035
59036
59065
59066
59075
59085
59110
59119
59122
59123
59233
59250
59262
59263
59290
59311
59312
59313
59314
59316
59321
59322
59323
59324
59325
59326
59333
59356
59357
59358
59359
59370
59375
59378
59379
59408
59484
59485
59498
59504
59506
59515
59559
59562
59630
59631
59637
59638
59670
59673
59676
59677
59702
59725
59842
59844
59845
59848
59849
59857
59867
59874
59925
59938
59956
59965
59966
59999
60048
60070
60082
60091
60163
60164
60165
60284
60297
60378
60384
60385
60399
60400
60405
60406
60414
60422
60439
60445
60447
60448
60451
60452
60459
60460
60500
60534
60586
60600
60603
60604
60611
60720
60725
60737
60746
60747
60775
60776
60818
60824
60825
60835
60839
60844
60845
60846
60852
60931
60932
60946
61012
61040
61054
61159
61186
61187
61197
61213
61236
61237
61286
61287
61297
61298
61364
61371
61372
61373
61374
61386
61391
61472
61473
61479
61567
61568
61605
61606
61616
61617
61627
61638
61663
61664
61676
61677
61678
61680
61683
61684
61737
61770
61800
61801
61818
61819
61820
61830
61831
62012
62013
62054
62056
62058
62060
62063
62067
62068
62078
62097
62103
62106
62110
62111
62113
62114
62115
62116
62117
62118
62119
62120
62121
62123
62124
62125
62135
62164
62165
62177
62222
62223
62242
62243
62252
62257
62258
62260
62261
62270
62300
62301
62352
62369
62378
62381
62395
62492
62500
62522
62526
62528
62529
62534
62535
62537
62543
62544
62545
62546
62549
62550
62553
62554
62555
62556
62557
62558
62559
62560
62561
62562
62563
62564
62565
62585
62586
62615
62616
62661
62662
62663
62682
62683
62692
62701
62710
62740
62790
62791
62792
62809
62875
62876
62903
62904
62932
62941
62942
62968
62969
62990
62993
62994
62995
62996
62997
62998
62999
63000
63001
63002
63003
63004
63005
63010
63011
63095
63096
63131
63230
63305
63306
63322
63333
63334
63356
63374
63397
63398
63433
63434
63438
63439
63447
63450
63452
63453
63540
63572
63632
63662
63678
63719
63723
63728
63736
63758
63762
63796
63814
63828
63829
63837
63838
63863
63873
63877
63878
63879
63886
63890
63987
64067
64074
64085
64101
64102
64112
64120
64130
64158
64159
64163
64168
64198
64222
64238
64239
64240
64243
64244
64268
64269
64292
64293
64319
64320
64321
64322
64331
64388
64427
64443
64470
64472
64476
64486
64487
64502
64503
64525
64526
64527
64537
64538
64541
64542
64550
64561
64570
64626
64678
64679
64680
64683
64684
64717
64732
64752
64753
64759
64760
64761
64762
64770
64771
64772
64774
64779
64780
64784
64785
64788
64791
64793
64809
64811
64812
64821
64837
64838
64874
64875
64876
64884
64896
64897
64910
64912
64926
64927
64950
64957
64961
64966
64967
64978
64979
64990
65001
65010
65066
65118
65120
65150
65157
65193
65214
65216
65217
65218
65219
65221
65222
65223
65224
65228
65229
65230
65231
65233
65239
65241
65244
65247
65251
65252
65261
65262
65263
65264
65275
65276
65277
65278
65279
65280
65300
65308
65309
65316
65317
65324
65330
65331
65334
65336
65337
65365
65366
65390
65397
65402
65406
65407
65410
65411
65412
65417
65423
65440
65563
65585
65587
65588
65597
65611
65612
65613
65623
65624
65646
65647
65669
65677
65678
65681
65687
65702
65703
65715
65716
65727
65728
65764
65770
65816
65817
65852
65857
65866
65867
65886
65887
65950
